region_A
t	luma
0.0	24.209331147540983
0.2	24.00507868852459
0.4	23.61123606557377
0.6	23.440691803278686
0.84	24.191177049180325
1.04	24.191177049180325
1.2	24.194108196721313
1.4000000000000001	24.194108196721313
1.6	23.805511475409837
1.84	23.118163934426228
2.04	30.88470491803278
2.24	36.29714098360656
2.44	38.061236065573766
2.6	37.805822950819675
2.84	37.04855737704918
3.04	36.41604262295081
3.24	35.76989508196721
3.44	34.797960655737704
3.64	33.75097049180328
3.84	33.61964262295081
4.04	31.388606557377045
4.24	31.388606557377045
4.44	29.3238131147541
4.64	29.37093114754098
4.84	28.925740983606556
5.04	36.0624131147541
5.24	36.30033770491803
5.44	34.264432786885244
5.64	33.068737704918036
5.84	32.3045737704918
6.04	30.576816393442623
6.24	30.576816393442623
6.44	28.844560655737705
6.640000000000001	28.520245901639342
6.84	27.002416393442626
7.04	26.77829508196721
7.24	26.806275409836065
7.44	26.581977049180328
7.640000000000001	26.143403278688524
7.84	33.17629180327869
8.040000000000001	34.14809180327869
8.24	34.14809180327869
8.44	32.5348
8.64	29.68150819672131
8.84	28.16746557377049
9.040000000000003	26.90667868852459
9.24	26.739324590163932
9.44	26.2066
9.64	26.554626229508195
9.84	25.65804262295082
10.040000000000003	25.277367213114754
10.24	25.277367213114754
10.44	25.647645901639343
10.64	25.310003278688523
10.84	29.279898360655736
11.040000000000003	33.017672131147535
11.24	33.017672131147535
11.48	32.742455737704915
11.64	30.07785901639344
11.84	28.963304918032787
12.040000000000003	28.963304918032787
12.24	28.97322950819672
12.48	26.619488524590164
12.68	26.14964262295082
12.88	25.568449180327868
13.040000000000003	25.463360655737706
13.24	25.463360655737706
13.48	24.85253770491803
13.68	29.074432786885247
13.88	29.074432786885247
14.08	36.01479344262295
14.280000000000001	35.065239344262295
14.48	34.86150491803278
14.68	32.85419344262295
14.88	30.168596721311477
15.08	29.017636065573768
15.280000000000001	29.017636065573768
15.48	27.51408524590164
15.68	27.51408524590164
15.88	27.37693770491803
16.080000000000002	27.305006557377048
16.28	26.677491803278688
16.48	25.455291803278687
16.68	26.32059344262295
16.88	35.67455737704918
17.080000000000005	37.027868852459015
17.28	37.027868852459015
17.48	36.343167213114754
17.68	35.3886262295082
17.88	33.03481967213115
18.080000000000005	31.487154098360655
18.28	29.88655737704918
18.48	29.427855737704917
18.68	28.262665573770494
18.88	28.04699344262295
19.080000000000005	26.78743606557377
19.28	26.78743606557377
19.48	26.794088524590162
19.68	25.937111475409836
19.88	35.8502
20.080000000000005	37.672193442622955
20.28	36.785881967213115
20.48	36.613340983606555
20.68	36.05131475409836
20.88	35.131573770491805
21.080000000000005	32.52246557377049
21.28	32.52246557377049
21.48	30.829334426229508
21.68	29.954160655737702
21.88	29.28381639344262
22.12	28.013377049180328
22.32	28.013377049180328
22.48	27.140396721311475
22.68	30.469357377049178
22.88	36.806462295081964
23.12	36.806462295081964
23.32	36.401360655737705
23.52	35.35223606557377
23.68	33.86467540983607
23.88	32.639577049180325
24.12	30.893445901639343
24.32	30.893445901639343
24.52	28.17173442622951
24.72	28.317724590163934
24.92	27.479147540983604
25.12	27.479147540983604
25.32	27.11928524590164
25.52	26.741734426229506
25.72	28.16115737704918
25.92	37.29300655737705
26.12	37.10391147540983
26.32	37.10391147540983
26.52	34.46368852459016
26.72	34.46368852459016
26.92	33.008819672131146
27.12	30.550544262295077
27.32	29.03593770491803
27.52	29.24291475409836
27.72	27.705311475409832
27.92	27.398190163934427
28.12	27.213550819672133
28.32	27.213550819672133
28.52	26.323557377049177
28.72	26.058881967213114
28.92	35.63968524590164
29.12	36.06066885245902
29.32	36.63835409836066
29.52	36.31403278688524
29.72	35.040219672131144
29.92	33.55880983606557
30.12	32.504881967213116
30.32	32.504881967213116
30.52	30.635127868852454
30.72	29.59385245901639
30.92	28.05681639344262
31.12	27.341081967213114
31.32	27.345078688524588
31.52	27.0369606557377
31.720000000000002	30.37915737704918
31.92	36.409855737704916
32.12	36.912862295081965
32.32	36.912862295081965
32.52	35.905459016393436
32.72	35.15688852459016
32.92	32.11130163934426
33.12	30.129468852459013
33.32	30.129468852459013
33.52	29.410199999999996
33.76	27.311963934426227
33.92	27.852586885245906
34.12	27.852586885245906
34.32	26.70278032786885
34.52	26.260590163934424
34.76	28.230547540983608
34.96	35.9047737704918
35.16000000000001	36.60719344262295
35.32	36.60719344262295
35.52	36.900662295081965
35.76	34.607757377049175
35.96	33.56982950819672
36.16000000000001	33.56982950819672
36.36	32.45808196721311
36.52	30.091059016393444
36.76	28.69790163934426
36.96	28.34719344262295
37.16000000000001	27.47084262295082
37.36	27.47084262295082
37.56	27.551665573770496
37.76	27.551665573770496
37.96	36.906967213114754
38.16000000000001	37.61777049180328
38.36	37.30306557377049
38.56	37.389154098360656
38.76	36.65800983606557
38.96	35.78027540983606
39.16000000000001	34.19379672131147
39.36	34.19379672131147
39.56	32.21880655737704
39.76	31.512324590163935
39.96	30.19857704918033
40.16000000000001	28.695875409836063
40.36	28.303481967213116
40.56	27.682832786885243
40.76	31.99150163934426
40.96	36.979291803278684
41.16000000000001	35.76512786885246
41.36	35.76512786885246
41.56	35.281950819672126
41.76	34.673596721311476
41.96	33.9451475409836
42.16000000000001	32.587311475409834
42.36	30.665947540983606
42.56	28.880737704918033
42.76	28.46203606557377
42.96	27.81189836065574
43.16000000000001	27.81189836065574
43.36	28.225639344262298
43.56	27.284813114754094
43.76	27.72180983606557
43.96	37.17516393442622
44.16000000000001	37.95797049180328
44.36	37.95797049180328
44.56	37.409957377049174
44.76	37.15031147540983
44.96	35.402104918032784
45.16000000000001	35.402104918032784
45.4	34.32888852459016
45.56	35.123357377049174
45.76	33.42364590163935
45.96	31.669734426229503
46.16000000000001	29.741803278688526
46.4	29.741803278688526
46.6	29.452704918032783
46.800000000000004	35.37348524590164
46.96	35.495036065573764
47.16000000000001	35.495036065573764
47.4	33.41042295081967
47.6	31.72403606557377
47.800000000000004	30.000304918032782
48.0	29.023367213114756
48.16000000000001	28.996881967213113
48.4	28.996881967213113
48.6	27.16945901639344
48.800000000000004	27.06443606557377
49.0	27.06443606557377
49.2	26.773514754098358
49.4	27.188593442622953
49.6	26.95242950819672
49.800000000000004	31.077055737704917
50.0	37.37908852459016
50.2	37.15570491803279
50.4	37.15570491803279
50.6	37.382954098360656
50.800000000000004	37.382954098360656
51.0	36.47915409836065
51.2	34.45400983606557
51.4	33.11377049180328
51.6	32.080790163934424
51.800000000000004	30.27506557377049
52.0	29.676393442622945
52.2	28.957121311475408
52.4	28.957121311475408
52.6	28.37631803278688
52.800000000000004	30.050957377049183
53.0	35.48943606557377
53.2	37.3830262295082
53.4	36.56883606557377
53.6	35.15836393442623
53.800000000000004	35.14546229508197
54.0	34.93606229508197
54.2	34.93606229508197
54.4	33.65041967213115
54.6	32.08522950819672
54.800000000000004	29.790613114754095
55.0	29.498609836065572
55.2	28.675377049180327
55.4	27.20966557377049
55.6	27.326747540983604
55.800000000000004	36.06149836065573
56.0	37.377144262295076
56.2	37.377144262295076
56.4	37.41403606557377
56.6	36.62034426229508
56.84	35.64928524590164
57.04	34.87204918032787
57.2	32.83906557377049
57.4	32.14589180327869
57.6	30.225491803278686
57.84	29.594318032786884
58.04	28.880872131147537
58.24	28.880872131147537
58.44	27.908160655737703
58.6	27.888452459016392
58.84	31.52285573770492
59.04	38.111793442622954
59.24	38.3915475409836
59.44	38.404445901639335
59.64	37.0591475409836
59.84	36.01548524590164
60.04	36.01548524590164
60.24	35.61185901639344
60.44	33.94827868852459
60.64	31.45421967213115
60.84	30.34266229508197
61.04	29.98629180327869
61.24	29.98629180327869
61.44	28.4621868852459
61.64	30.695226229508197
61.84	30.695226229508197
62.04	35.25798032786885
62.24	34.81265901639345
62.440000000000005	33.475226229508195
62.64	31.96737049180328
62.84	30.40192131147541
63.04	30.045009836065574
63.24	30.045009836065574
63.440000000000005	28.290403278688522
63.64	28.290403278688522
63.84	27.703324590163934
64.04	27.4633737704918
64.24	26.889468852459014
64.44	27.232934426229505
64.64	27.050826229508196
64.84	34.3047606557377
65.04	37.155619672131145
65.24	37.155619672131145
65.44	38.538495081967206
65.64	36.58944918032787
65.84	36.27983606557377
66.04	35.393314754098355
66.24	33.922731147540986
66.44	32.11704918032787
66.64	31.881599999999995
66.84	29.15509508196721
67.04	29.7452
67.24	29.7452
67.48	29.014983606557376
67.68	27.976770491803276
67.84	33.214816393442625
68.04	37.36475737704918
68.24	38.294422950819666
68.48	37.134914754098354
68.68	36.613868852459014
68.88	34.52998032786885
69.08	32.19220983606557
69.28	32.19220983606557
69.48	31.398337704918028
69.68	30.045436065573774
69.88	28.67443606557377
70.08	29.297747540983604
70.28	28.440836065573766
70.48	27.481616393442625
70.68	30.422222950819673
70.88	36.98612459016393
71.08	37.57640983606557
71.28	37.57640983606557
71.48	37.244790163934425
71.68	37.15627540983606
71.88	36.205262295081965
72.08	35.09826557377049
72.28	33.35493114754098
72.48	32.34354426229508
72.68	31.53654426229508
72.88	31.53654426229508
73.08	30.218298360655734
73.28	30.108104918032787
73.48	29.877816393442625
73.68	29.16104262295082
73.88	27.616872131147538
74.08	27.940570491803282
74.28	26.55305901639344
74.48	26.258049180327866
74.68	25.99496393442623
74.88	25.99496393442623
75.08	25.916803278688523
