region_B
t	luma
0.0	26.919938709677417
0.2	27.390674193548385
0.36	26.35192258064516
0.56	26.486270967741937
0.8	25.539629032258066
1.0	25.539629032258066
1.2	26.9791064516129
1.4000000000000001	26.9791064516129
1.6	26.795541935483868
1.8	26.61699677419355
2.0	29.350706451612904
2.2	34.751451612903224
2.4	32.77034193548387
2.6	32.54897096774194
2.8000000000000003	30.56570322580645
3.0	30.449932258064514
3.2	29.410509677419356
3.4	29.360551612903226
3.6	28.25760322580645
3.8000000000000003	28.758983870967743
4.0	28.055745161290318
4.2	28.084190322580643
4.4	28.084190322580643
4.6000000000000005	27.421067741935484
4.8	27.847919354838712
5.0	29.174409677419355
5.2	27.737477419354835
5.4	27.85945161290322
5.6000000000000005	27.943612903225805
5.8	27.653512903225803
6.0	27.520290322580646
6.2	27.520290322580646
6.4	27.336270967741935
6.6000000000000005	27.204496774193547
6.8	27.859767741935478
7.0	27.033412903225805
7.2	26.86699677419355
7.4	27.133780645161288
7.6000000000000005	26.961574193548387
7.8	29.255767741935486
8.0	29.255767741935486
8.2	30.91470322580645
8.4	29.291838709677418
8.6	29.492103225806446
8.8	27.794570967741933
9.0	28.57566774193548
9.200000000000001	27.553016129032258
9.44	27.553016129032258
9.64	27.396022580645162
9.8	27.000477419354837
10.0	27.70915483870968
10.200000000000001	27.70915483870968
10.44	27.925629032258065
10.64	27.13306129032258
10.84	27.745183870967743
11.040000000000003	28.35619677419355
11.200000000000001	28.44782258064516
11.44	27.74350322580645
11.64	28.85336129032258
11.84	27.505729032258067
12.040000000000003	27.505729032258067
12.24	27.572080645161293
12.44	28.242116129032254
12.64	27.272212903225807
12.84	28.09176129032258
13.040000000000003	27.611722580645164
13.24	27.611722580645164
13.44	27.519035483870965
13.64	30.031458064516126
13.84	34.12140967741935
14.040000000000003	34.12140967741935
14.24	33.979196774193554
14.44	33.37823870967742
14.64	32.210193548387096
14.84	31.051564516129034
15.040000000000003	31.200306451612903
15.24	31.200306451612903
15.44	29.85238064516129
15.64	27.959987096774196
15.84	27.959987096774196
16.04	28.874225806451612
16.240000000000002	28.411254838709677
16.44	28.003
16.64	27.58132258064516
16.84	34.1098
17.04	32.91712903225807
17.240000000000002	32.91712903225807
17.44	31.778061290322576
17.64	31.302803225806453
17.84	31.048248387096773
18.04	29.251845161290323
18.240000000000002	28.947735483870964
18.44	27.808154838709676
18.64	27.599622580645157
18.84	27.791748387096774
19.04	27.87042903225806
19.240000000000002	27.87042903225806
19.44	27.374380645161292
19.64	27.59882580645161
19.84	30.900519354838707
20.080000000000005	33.227277419354834
20.240000000000002	32.63512258064516
20.44	30.6876064516129
20.64	30.322812903225806
20.84	29.595487096774193
21.080000000000005	28.531306451612902
21.28	28.531306451612902
21.44	28.41676129032258
21.64	27.764964516129034
21.84	27.967835483870964
22.080000000000005	27.984148387096774
22.28	27.694980645161294
22.48	27.858061290322578
22.68	29.540493548387097
22.88	33.9259064516129
23.080000000000005	33.9259064516129
23.28	32.01704193548387
23.48	30.509209677419356
23.68	29.047141935483868
23.88	30.094538709677416
24.080000000000005	27.359790322580643
24.28	27.359790322580643
24.48	28.25618709677419
24.68	27.911796774193544
24.88	27.522125806451612
25.080000000000005	27.522125806451612
25.28	28.313838709677416
25.48	27.401012903225805
25.68	27.456616129032255
25.88	33.19090322580645
26.080000000000005	32.62130967741935
26.28	32.62130967741935
26.48	30.568096774193545
26.68	29.999122580645157
26.88	29.999122580645157
27.080000000000005	27.635032258064513
27.28	28.709380645161286
27.48	27.82361612903226
27.68	27.396570967741937
27.88	27.746167741935484
28.080000000000005	27.9289129032258
28.28	27.9289129032258
28.48	27.964709677419354
28.68	27.964709677419354
28.88	31.714993548387096
29.080000000000005	33.59612903225806
29.28	31.486406451612904
29.48	31.10617741935484
29.68	30.507054838709678
29.88	28.531783870967743
30.080000000000005	27.790996774193548
30.28	27.790996774193548
30.48	27.69204193548387
30.72	27.907332258064514
30.92	27.425551612903227
31.080000000000005	28.01873548387097
31.28	28.44892580645161
31.48	27.82336129032258
31.720000000000002	30.10697741935484
31.92	33.28168709677419
32.12	32.887522580645154
32.28	32.887522580645154
32.480000000000004	31.175490322580647
32.72	31.05067419354839
32.92	27.892590322580645
33.12	29.66176451612903
33.32	28.261861290322575
33.52	28.24391935483871
33.72	27.4666064516129
33.92	27.382235483870964
34.12	27.86018387096774
34.32	27.86018387096774
34.52	27.39854193548387
34.72	27.957554838709676
34.92	33.922948387096774
35.12	34.05733548387097
35.32	34.05733548387097
35.52	29.663512903225804
35.72	28.88166451612903
35.92	28.136983870967747
36.12	28.136983870967747
36.32	28.086454838709678
36.52	27.884977419354833
36.72	27.966125806451608
36.92	27.815790322580643
37.12	27.662816129032258
37.32	27.662816129032258
37.52	28.158616129032254
37.72	31.07953548387097
37.92	33.12356774193548
38.12	33.12356774193548
38.32	32.39101612903226
38.52	31.363812903225806
38.72	30.014193548387098
38.92	27.810596774193545
39.16000000000001	27.583306451612906
39.32	27.583306451612906
39.52	27.731512903225806
39.72	27.917225806451608
39.92	27.917225806451608
40.16000000000001	27.60372903225806
40.36	27.63201612903226
40.52	28.57307741935484
40.72	30.759293548387095
40.92	33.8816935483871
41.16000000000001	33.55939354838709
41.36	33.55939354838709
41.56	31.05648709677419
41.76	31.05648709677419
41.92	28.784335483870965
42.16000000000001	28.099074193548383
42.36	29.100516129032254
42.56	27.71364193548387
42.76	27.833896774193548
42.96	27.615822580645162
43.16000000000001	27.903183870967744
43.36	27.903183870967744
43.56	28.07956451612903
43.76	28.309067741935486
43.96	34.2212
44.16000000000001	32.669841935483866
44.36	33.16706451612903
44.56	31.111983870967737
44.76	30.92158387096774
44.96	29.578925806451615
45.16000000000001	28.644567741935482
45.36	28.644567741935482
45.56	28.227332258064514
45.76	28.81669677419355
45.96	28.078112903225804
46.16000000000001	27.865383870967744
46.36	27.865383870967744
46.56	27.853212903225806
46.76	32.19024193548387
46.96	32.99795161290322
47.16000000000001	32.99795161290322
47.36	32.57157741935484
47.56	31.290206451612903
47.76	29.936380645161286
47.96	30.535790322580645
48.16000000000001	28.70150322580645
48.36	28.70150322580645
48.56	27.91399677419355
48.76	27.861622580645157
48.96	27.763319354838707
49.16000000000001	27.763319354838707
49.36	27.931496774193548
49.56	27.52835161290323
49.76	30.56044516129032
49.96	33.29592580645161
50.16000000000001	33.95383548387097
50.36	33.95383548387097
50.56	31.02185483870968
50.800000000000004	29.365612903225806
50.96	29.365612903225806
51.16000000000001	28.580719354838713
51.36	29.53178064516129
51.56	28.17328709677419
51.800000000000004	27.68988387096774
52.0	27.687106451612905
52.16000000000001	27.758603225806446
52.36	27.758603225806446
52.56	27.880938709677423
52.800000000000004	27.880938709677423
53.0	34.35023548387097
53.2	33.4833129032258
53.4	31.946329032258067
53.56	31.370980645161286
53.800000000000004	30.628051612903224
54.0	29.07779032258064
54.2	28.539496774193545
54.4	28.539496774193545
54.6	27.830580645161287
54.800000000000004	27.81278387096774
55.0	27.80786451612903
55.2	28.047638709677415
55.4	27.39646129032258
55.6	27.973206451612903
55.800000000000004	34.52626129032258
56.0	33.725190322580644
56.2	33.725190322580644
56.4	33.31758387096774
56.6	31.44232258064516
56.800000000000004	30.14088709677419
57.0	28.998796774193547
57.2	29.052980645161288
57.4	27.833280645161285
57.6	28.30852903225806
57.800000000000004	27.782899999999998
58.0	27.929467741935483
58.2	27.929467741935483
58.4	28.397487096774192
58.6	27.696345161290324
58.800000000000004	30.63484838709677
59.0	34.156877419354835
59.2	34.26061935483871
59.4	30.98418064516129
59.6	30.63945483870968
59.800000000000004	29.92280322580645
60.0	29.186767741935483
60.2	29.186767741935483
60.4	27.892880645161288
60.6	27.6284129032258
60.800000000000004	26.73317741935484
61.0	27.332006451612898
61.2	27.21404838709677
61.4	27.184112903225802
61.6	27.802693548387097
61.800000000000004	32.02241612903225
62.0	32.02241612903225
62.2	31.39780322580645
62.440000000000005	30.20849677419355
62.6	28.11798064516129
62.800000000000004	28.20128064516129
63.0	27.8215064516129
63.2	27.8215064516129
63.440000000000005	27.40300322580645
63.64	27.004603225806456
63.84	27.004603225806456
64.0	26.810341935483873
64.2	26.722951612903223
64.44	26.33378709677419
64.64	26.4922
64.84	32.10004838709677
65.04	32.90488709677419
65.2	32.90488709677419
65.44	29.772535483870964
65.64	29.772535483870964
65.84	28.016477419354835
66.04	27.941370967741932
66.24	27.912335483870965
66.44	26.910970967741935
66.64	27.678258064516125
66.84	27.184267741935486
67.04	27.57828064516129
67.24	27.57828064516129
67.44	26.430674193548384
67.64	27.276022580645154
67.84	28.806909677419355
68.04	31.907109677419356
68.24	31.345009677419355
68.44	29.986558064516128
68.64	28.13618064516129
68.84	28.14397741935484
69.04	28.010293548387093
69.24	27.18438064516129
69.44	27.18438064516129
69.64	27.258038709677415
69.84	27.17936451612903
70.04	26.85324193548387
70.24	27.28286774193548
70.44	26.766948387096775
70.64	27.314832258064513
70.84	32.267283870967745
71.04	32.04064838709677
71.24	32.04064838709677
71.44	29.94917741935484
71.64	28.73323870967742
71.84	28.113245161290322
72.04	27.585725806451613
72.24	28.259406451612897
72.44	27.463570967741937
72.64	27.544829032258065
72.84	27.042712903225805
73.04	27.042712903225805
73.24	26.714409677419354
73.44	26.285593548387094
73.64	26.44505806451613
73.84	26.946790322580647
74.08	26.49756129032258
74.28	25.85071935483871
74.44	26.4420064516129
74.64	25.906690322580644
74.84	26.64496129032258
75.08	26.64496129032258
